7
gray
0
1.0
0.0 0.0 0.0 
1.0
0.75 0.75 0.75
1.0
0.0 0.0 0.0
1.0
0.0
0.0
red
0
1.0
0.0 0.0 0.0 
1.0
0.75 0.25 0.25
1.0
0.0 0.0 0.0
1.0
0.0
0.0
blue
0
1.0
0.0 0.0 0.0 
1.0
0.25 0.25 0.75
1.0
0.0 0.0 0.0
1.0
0.0
0.0
light_source
2
1.0
1.0 1.0 1.0 
1.0
1.0 1.0 1.0
1.0
1.0 1.0 1.0
1.0
0.0
0.0
mirrow
3
1.0
1.0 1.0 1.0 
1.0
1.0 1.0 1.0
1.0
1.0 1.0 1.0
1.0
0.0
0.0
green
0
1.0
0.0 0.0 0.0 
1.0
0.25 0.75 0.25
1.0
0.0 0.0 0.0
1.0
0.0
0.0
glass
1
1.0
0.0 0.0 0.0 
1.0
0.25 0.75 0.25
1.0
0.0 0.0 0.0
1.0
0.0
1.5
